 Rank  Column                     Feature  PFI_mean  PFI_std  SHAP_mean  SHAP_std  Average_(PFI+SHAP)/2
    1       1 $E_\mathrm{g}^\mathrm{PBE}$  2.908377 0.255921   1.844368  0.136685              2.376372
    2      17              $\sigma(\chi)$  0.342163 0.136959   0.289592  0.074017              0.315878
    3      10           $\overline{\chi}$  0.350981 0.106166   0.271754  0.071068              0.311368
    4       5            $\overline{|n|}$  0.283074 0.049995   0.260679  0.033031              0.271877
    5      14                 $\sigma(p)$  0.084580 0.063960   0.122406  0.052294              0.103493
    6       6              $\overline{Z}$  0.054303 0.037208   0.074781  0.025886              0.064542
    7       9              $\overline{r}$  0.048394 0.061296   0.070867  0.061802              0.059631
    8       4            $E_\mathrm{coh}$  0.030863 0.049122   0.046058  0.041109              0.038461
    9      12               $\sigma(|n|)$  0.030765 0.021253   0.036859  0.013707              0.033812
   10      15                 $\sigma(m)$  0.026225 0.032083   0.037493  0.024138              0.031859
   11      16                 $\sigma(r)$  0.027616 0.032986   0.034644  0.019797              0.031130

Sorted feature column numbers:
[1, 17, 10, 5, 14, 6, 9, 4, 12, 15, 16]
