Gamma: [0.001 0.001 0.001 0.001 0.001 0.001 0.01  0.001 0.001 0.001 0.001 0.001
 0.001 0.001 0.001 0.001 0.01  0.001 0.001 0.001]
Epsilon: [0.01  0.01  0.01  0.001 0.001 0.005 0.01  0.01  0.01  0.01  0.01  0.01
 0.01  0.01  0.005 0.01  0.005 0.01  0.01  0.01 ]
Cost: [ 1000.  1000.  1000. 10000.  1000.  1000.  1000. 10000.  1000.  1000.
  1000. 10000.  1000.  1000.  1000. 10000.   100.  1000.  1000.  1000.]
RMSE Train: [0.20946214 0.20744097 0.20073333 0.18888345 0.21405803 0.2272995
 0.11493916 0.19290111 0.20625259 0.21800897 0.20850297 0.1832394
 0.22292045 0.21234063 0.21311934 0.16664098 0.17410111 0.20880467
 0.21258552 0.2018752 ] 0.19920547636023228 +- 0.024570738453452437
RMSE Test: [0.24865353 0.27146827 0.29375529 0.24093424 0.26288772 0.22963919
 0.31239353 0.23599041 0.2622709  0.22630684 0.26278237 0.24918063
 0.21574195 0.25810819 0.24986619 0.29701752 0.21095687 0.25702777
 0.25870391 0.26289594] 0.25532906327827903 +- 0.024570738453452437
MAE Train: [0.14107345 0.13834134 0.13341582 0.1150577  0.14013241 0.15213773
 0.05917106 0.11332462 0.14037228 0.14879461 0.14257276 0.11651839
 0.15153113 0.14426913 0.14507914 0.10395774 0.10416018 0.13859576
 0.13711349 0.14124901] 0.13034338741467702 +- 0.024570738453452437
MAE Test: [0.1809253  0.20661946 0.21433971 0.18174708 0.20115903 0.16505217
 0.22468298 0.18700299 0.18691793 0.17168346 0.18941912 0.17325781
 0.16306982 0.18462571 0.17020409 0.21322524 0.15905264 0.2012196
 0.20311976 0.1910199 ] 0.18841719056285797 +- 0.024570738453452437
R^2 Test: [0.99402399 0.9926218  0.99062767 0.99191419 0.99291504 0.99499281
 0.99136925 0.99405937 0.99316751 0.99256488 0.99342965 0.99311867
 0.99616365 0.99243494 0.9925681  0.99041736 0.99431861 0.99352361
 0.99395371 0.9919349 ] 0.9930059857147692 +- 0.024570738453452437
